0 0.21110677083333332 0.18141276041666665 0.2362890625 0.25694661458333334
0 0.11620442708333334 0.22337890625 0.1678515625 0.14461588541666667
0 0.43448567708333335 0.21563151041666664 0.09684244791666667 0.14977864583333333
0 0.5603776041666667 0.20271484375 0.11620442708333334 0.15494140625
0 0.6953059895833333 0.14590494791666667 0.05552083333333333 0.17559895833333336
0 0.8005403645833334 0.0942578125 0.12395182291666666 0.16268880208333333
0 0.9180338541666666 0.16914713541666668 0.15494140625 0.12653645833333335
0 0.27631510416666666 0.61654296875 0.10845703125 0.09167317708333333
0 0.14526041666666667 0.4699934895833333 0.14590494791666667 0.10587890625
0 0.1652734375 0.5610221354166667 0.19367838541666668 0.17947265625
0 0.3583072916666667 0.46611979166666667 0.04518880208333333 0.14203125
0 0.46095703125 0.49581380208333337 0.10070963541666667 0.21433593750000002
0 0.5429427083333334 0.5384244791666667 0.13299479166666667 0.18334635416666667
0 0.7785872395833334 0.42157552083333333 0.15752604166666667 0.17430989583333334
0 0.91158203125 0.5009830729166667 0.1678515625 0.14203125
0 0.8483138020833333 0.5732877604166667 0.2659830729166667 0.18334635416666667
0 0.1433203125 0.7488932291666667 0.13169921874999999 0.12137369791666668
0 0.08263671875 0.8412109375 0.14977864583333333 0.22854166666666667
0 0.49129557291666665 0.7882747395833333 0.13299479166666667 0.1433203125
0 0.4641796875 0.88962890625 0.1175 0.12137369791666668
0 0.55779296875 0.9315950520833334 0.17559895833333336 0.1175