0 0.032558593749999996 0.15442057291666667 0.06511718749999999 0.20093098958333333
0 0.20884114583333332 0.150234375 0.20186197916666668 0.22419270833333335
0 0.4460546875 0.23582031250000002 0.06232421875 0.07348958333333333
0 0.3948893229166666 0.15162760416666668 0.09953776041666666 0.18977213541666668
0 0.5102408854166667 0.15162760416666668 0.12 0.20279296875
0 0.7055924479166666 0.17442057291666668 0.0753515625 0.23721354166666667
0 0.9051236979166667 0.17814453125 0.18975260416666664 0.22977213541666666
0 0.9204817708333333 0.5767578125 0.14418619791666668 0.15442057291666667
0 0.7907096354166666 0.55861328125 0.22697916666666665 0.21675130208333335
0 0.5665234375 0.5465234375 0.09116536458333334 0.1255859375
0 0.5046614583333333 0.4725651041666667 0.07348958333333333 0.18046874999999998
0 0.41488932291666664 0.4827994791666667 0.13581380208333335 0.21209635416666664
0 0.5548958333333334 0.8776888020833334 0.14604817708333334 0.13116536458333333
0 0.45488932291666667 0.79443359375 0.1451171875 0.21767578125
0 0.3660546875 0.8307161458333333 0.06418619791666667 0.19348958333333333
0 0.26139973958333335 0.8028059895833333 0.11162760416666667 0.20651692708333333
0 0.07674479166666666 0.86419921875 0.13302734375 0.18791015625
0 0.030696614583333334 0.5032682291666667 0.06139322916666667 0.1655859375
0 0.14418619791666668 0.5297786458333333 0.11906901041666666 0.12744140625
0 0.25070312499999997 0.5334960937500001 0.11069661458333334 0.14233072916666667