0 0.13524739583333334 0.11162109375 0.18544921875 0.20434244791666667
0 0.10689453125 0.24509765625000002 0.12875 0.16654947916666665
0 0.23446614583333333 0.2905729166666667 0.1334765625 0.08268229166666667
0 0.29234375 0.10276041666666667 0.08150390625 0.12048177083333333
0 0.3667578125 0.17186197916666668 0.06496744791666667 0.10512369791666666
0 0.44353515625 0.18780598958333336 0.09567708333333334 0.1039453125
0 0.52798828125 0.2232421875 0.11339192708333333 0.14646484375
0 0.8539973958333333 0.20198567708333334 0.24568359375 0.2622200520833333
0 0.76068359375 0.25927083333333334 0.12756510416666667 0.14764973958333333
0 0.27108072916666665 0.5368489583333333 0.08858723958333332 0.14528645833333334
0 0.02303385416666667 0.4925520833333333 0.04606770833333334 0.207890625
0 0.15296223958333333 0.5014127604166666 0.19725911458333334 0.2539518229166667
0 0.3673502604166667 0.4305403645833333 0.06850911458333334 0.13819661458333335
0 0.56755859375 0.525625 0.0696875 0.12992838541666665
0 0.4754296875 0.4624348958333333 0.14764973958333333 0.16182291666666668
0 0.7583203125 0.47720052083333336 0.17953776041666666 0.24332682291666666
0 0.9124674479166667 0.5214908854166667 0.16182291666666668 0.17363281249999998
0 0.15178385416666665 0.8309635416666666 0.14292317708333332 0.23505859375000002
0 0.27403645833333334 0.9248697916666666 0.10867187499999999 0.08504557291666666
0 0.3584895833333333 0.8345052083333333 0.05078776041666667 0.16418619791666667
0 0.411640625 0.9059700520833333 0.07677734375 0.06378255208333333
0 0.5114518229166667 0.8386393229166668 0.15828125 0.20080078125