0 0.06458333333333334 0.0922265625 0.10152994791666665 0.12810546875
0 0.2264453125 0.09674479166666666 0.09993489583333333 0.12119791666666667
0 0.40212890625 0.081064453125 0.09408528645833332 0.11960286458333334
0 0.05980143229166667 0.2567447916666667 0.09833984375 0.10631184895833333
0 0.23043294270833334 0.25222656250000003 0.0908984375 0.11109700520833334
0 0.398671875 0.26179361979166665 0.10525065104166666 0.11003255208333333
0 0.5589388020833334 0.09302408854166666 0.097275390625 0.12544921875
0 0.739404296875 0.08398763020833333 0.06697591145833333 0.10099609375
0 0.8972786458333334 0.095947265625 0.10206054687499999 0.11534830729166667
0 0.9009993489583333 0.23707682291666665 0.08823893229166667 0.09249348958333332
0 0.7253190104166666 0.25568033854166666 0.09940104166666668 0.12013346354166667
0 0.5607975260416667 0.25036458333333333 0.10099609375 0.11269205729166666
0 0.9060481770833334 0.3952180989583333 0.07069661458333333 0.055813802083333336
0 0.7298372395833334 0.405849609375 0.09568033854166667 0.08664388020833334
0 0.5679752604166667 0.414619140625 0.08345377604166666 0.09780598958333332
0 0.8901009114583333 0.5847200520833333 0.09514973958333334 0.11906901041666666
0 0.724521484375 0.5786067708333333 0.09036458333333335 0.11109700520833334
0 0.5589388020833334 0.583125 0.09514973958333334 0.10418619791666667
0 0.39388671875 0.4111653645833333 0.10525065104166666 0.10259114583333334
0 0.228837890625 0.4215299479166667 0.09940104166666668 0.116943359375
0 0.05820638020833333 0.43056640625000003 0.104716796875 0.131826171875
0 0.06671223958333333 0.5929589843749999 0.10790690104166667 0.12385416666666667
0 0.23149414062499998 0.5953515625 0.08558268229166667 0.12544921875
0 0.39574869791666667 0.5900358072916666 0.097275390625 0.11162760416666667
0 0.05448567708333333 0.7534895833333333 0.0908984375 0.1206640625
0 0.22697591145833332 0.9158821614583333 0.09249348958333332 0.094619140625
0 0.061129557291666664 0.9286393229166667 0.10312174479166668 0.12863932291666666
0 0.23680989583333334 0.7425944010416666 0.08664388020833334 0.07973307291666666
0 0.3914973958333334 0.7582747395833334 0.10152994791666665 0.11428710937499999
0 0.5743522135416667 0.74791015625 0.09940104166666668 0.10206054687499999
0 0.7274446614583333 0.7487076822916667 0.104716796875 0.10897135416666666
0 0.9028580729166666 0.7540234375 0.09940104166666668 0.09195963541666667