0 0.048014322916666664 0.13427734375 0.09602864583333333 0.12532552083333334
0 0.09440104166666667 0.2392578125 0.10091145833333333 0.09765625
0 0.14322916666666666 0.17171223958333334 0.126953125 0.23274739583333334
0 0.23600260416666666 0.22298177083333334 0.17903645833333334 0.16276041666666666
0 0.5436197916666666 0.19449869791666666 0.25390625 0.14485677083333334
0 0.4337565104166667 0.2579752604166667 0.09602864583333333 0.09602864583333333
0 0.3621419270833333 0.19287109375 0.0537109375 0.2099609375
0 0.908203125 0.14322916666666666 0.16276041666666666 0.18880208333333334
0 0.9138997395833334 0.2742513020833333 0.16438802083333334 0.1123046875
0 0.23030598958333334 0.5476888020833334 0.10579427083333333 0.11881510416666667
0 0.09847005208333333 0.517578125 0.17415364583333334 0.21484375
0 0.3743489583333333 0.4915364583333333 0.08138020833333333 0.17252604166666666
0 0.4597981770833333 0.4671223958333333 0.18391927083333334 0.21484375
0 0.9163411458333334 0.5021158854166666 0.107421875 0.13834635416666666
0 0.7958984375 0.46630859375 0.10091145833333333 0.13834635416666666
0 0.19205729166666666 0.841796875 0.2734375 0.31640625
0 0.2815755208333333 0.9475911458333334 0.1171875 0.10481770833333333
0 0.11555989583333333 0.9630533854166666 0.16276041666666666 0.07389322916666667
0 0.3645833333333333 0.8211263020833334 0.061848958333333336 0.14811197916666666
0 0.5826822916666666 0.869140625 0.13020833333333334 0.185546875
0 0.46142578125 0.8512369791666666 0.1806640625 0.17578125